k	flips	probability
11	5	1
11	6	0.805
11	7	0.927
11	8	0.664
11	9	0.842
11	10	0.546
11	11	0.769
11	12	0.52
11	13	0.708
11	14	0.452
11	15	0.684
11	16	0.439
11	17	0.655
11	18	0.426
11	19	0.666
11	20	0.393
11	21	0.625
11	22	0.408
11	23	0.623
11	24	0.388
11	25	0.641
11	26	0.374
11	27	0.626
11	28	0.393
11	29	0.639
11	30	0.403
11	31	0.636
11	32	0.384
11	33	0.618
11	34	0.373
11	35	0.65
11	36	0.382
11	37	0.627
11	38	0.374
11	39	0.622
11	40	0.395
11	41	0.652
11	42	0.392
11	43	0.633
11	44	0.355
11	45	0.614
11	46	0.358
11	47	0.623
11	48	0.366
11	49	0.639
11	50	0.367
11	51	0.631
11	52	0.343
11	53	0.613
11	54	0.368
11	55	0.624
11	56	0.39
11	57	0.627
11	58	0.369
11	59	0.611
11	60	0.359
11	61	0.579
11	62	0.376
11	63	0.628
11	64	0.357
11	65	0.627
11	66	0.391
11	67	0.622
11	68	0.384
11	69	0.623
11	70	0.36
11	71	0.615
11	72	0.348
11	73	0.606
11	74	0.414
11	75	0.612
11	76	0.37
11	77	0.62
11	78	0.371
11	79	0.622
11	80	0.383
11	81	0.66
11	82	0.354
11	83	0.633
11	84	0.364
11	85	0.633
11	86	0.4
11	87	0.605
11	88	0.382
11	89	0.652
11	90	0.389
11	91	0.584
11	92	0.378
11	93	0.623
11	94	0.383
11	95	0.62
11	96	0.387
11	97	0.652
11	98	0.349
11	99	0.623
101	50	1
101	60	1
101	70	1
101	80	0.99
101	90	0.975
101	100	0.931
101	110	0.89
101	120	0.847
101	130	0.801
101	140	0.796
101	150	0.755
101	160	0.688
101	170	0.671
101	180	0.646
101	190	0.622
101	200	0.622
101	210	0.607
101	220	0.557
101	230	0.587
101	240	0.594
101	250	0.559
101	260	0.575
101	270	0.559
101	280	0.547
101	290	0.555
101	300	0.552
101	310	0.552
101	320	0.526
101	330	0.539
101	340	0.54
101	350	0.558
101	360	0.509
101	370	0.547
101	380	0.566
101	390	0.511
101	400	0.525
101	410	0.528
101	420	0.508
101	430	0.539
101	440	0.552
101	450	0.531
101	460	0.557
101	470	0.575
101	480	0.544
101	490	0.53
101	500	0.561
101	510	0.535
101	520	0.506
101	530	0.551
101	540	0.543
101	550	0.514
101	560	0.544
101	570	0.534
101	580	0.545
101	590	0.574
101	600	0.516
101	610	0.527
101	620	0.539
101	630	0.54
101	640	0.512
101	650	0.534
101	660	0.529
101	670	0.508
101	680	0.527
101	690	0.531
101	700	0.527
101	710	0.54
101	720	0.557
101	730	0.575
101	740	0.528
101	750	0.539
101	760	0.527
101	770	0.552
101	780	0.547
101	790	0.559
101	800	0.542
101	810	0.532
101	820	0.548
101	830	0.548
101	840	0.527
101	850	0.543
101	860	0.561
101	870	0.543
101	880	0.527
101	890	0.525
101	900	0.531
101	910	0.538
101	920	0.553
101	930	0.518
101	940	0.531
101	950	0.521
101	960	0.529
101	970	0.547
101	980	0.538
101	990	0.522
1001	500	1
1001	600	1
1001	700	1
1001	800	1
1001	900	1
1001	1000	1
1001	1100	1
1001	1200	0.998
1001	1300	0.991
1001	1400	0.975
1001	1500	0.953
1001	1600	0.902
1001	1700	0.857
1001	1800	0.827
1001	1900	0.734
1001	2000	0.732
1001	2100	0.691
1001	2200	0.642
1001	2300	0.674
1001	2400	0.609
1001	2500	0.61
1001	2600	0.58
1001	2700	0.589
1001	2800	0.529
1001	2900	0.553
1001	3000	0.55
1001	3100	0.529
1001	3200	0.52
1001	3300	0.531
1001	3400	0.519
1001	3500	0.539
1001	3600	0.519
1001	3700	0.536
1001	3800	0.521
1001	3900	0.523
1001	4000	0.521
1001	4100	0.501
1001	4200	0.499
1001	4300	0.494
1001	4400	0.52
1001	4500	0.511
1001	4600	0.502
1001	4700	0.518
1001	4800	0.499
1001	4900	0.517
1001	5000	0.521
1001	5100	0.514
1001	5200	0.495
1001	5300	0.526
1001	5400	0.505
1001	5500	0.519
1001	5600	0.54
1001	5700	0.505
1001	5800	0.513
1001	5900	0.525
1001	6000	0.535
1001	6100	0.548
1001	6200	0.518
1001	6300	0.527
1001	6400	0.509
1001	6500	0.538
1001	6600	0.526
1001	6700	0.481
1001	6800	0.498
1001	6900	0.487
1001	7000	0.531
1001	7100	0.506
1001	7200	0.493
1001	7300	0.521
1001	7400	0.491
1001	7500	0.543
1001	7600	0.492
1001	7700	0.491
1001	7800	0.525
1001	7900	0.524
1001	8000	0.531
1001	8100	0.517
1001	8200	0.505
1001	8300	0.493
1001	8400	0.529
1001	8500	0.501
1001	8600	0.51
1001	8700	0.519
1001	8800	0.515
1001	8900	0.522
1001	9000	0.503
1001	9100	0.526
1001	9200	0.528
1001	9300	0.498
1001	9400	0.504
1001	9500	0.531
1001	9600	0.508
1001	9700	0.515
1001	9800	0.49
1001	9900	0.528
10001	5000	1
10001	6000	1
10001	7000	1
10001	8000	1
10001	9000	1
10001	10000	1
10001	11000	1
10001	12000	1
10001	13000	1
10001	14000	1
10001	15000	1
10001	16000	1
10001	17000	0.999
10001	18000	0.998
10001	19000	0.98
10001	20000	0.976
10001	21000	0.929
10001	22000	0.881
10001	23000	0.832
10001	24000	0.782
10001	25000	0.751
10001	26000	0.713
10001	27000	0.687
10001	28000	0.651
10001	29000	0.63
10001	30000	0.609
10001	31000	0.602
10001	32000	0.584
10001	33000	0.572
10001	34000	0.544
10001	35000	0.557
10001	36000	0.488
10001	37000	0.545
10001	38000	0.527
10001	39000	0.516
10001	40000	0.506
10001	41000	0.519
10001	42000	0.528
10001	43000	0.481
10001	44000	0.508
10001	45000	0.476
10001	46000	0.538
10001	47000	0.504
10001	48000	0.52
10001	49000	0.514
10001	50000	0.519
10001	51000	0.527
10001	52000	0.537
10001	53000	0.508
10001	54000	0.485
10001	55000	0.479
10001	56000	0.502
10001	57000	0.496
10001	58000	0.526
10001	59000	0.521
10001	60000	0.502
10001	61000	0.486
10001	62000	0.54
10001	63000	0.518
10001	64000	0.501
10001	65000	0.499
10001	66000	0.488
10001	67000	0.494
10001	68000	0.512
10001	69000	0.519
10001	70000	0.54
10001	71000	0.515
10001	72000	0.504
10001	73000	0.509
10001	74000	0.513
10001	75000	0.505
10001	76000	0.526
10001	77000	0.48
10001	78000	0.485
10001	79000	0.501
10001	80000	0.519
10001	81000	0.495
10001	82000	0.506
10001	83000	0.488
10001	84000	0.521
10001	85000	0.491
10001	86000	0.511
10001	87000	0.514
10001	88000	0.497
10001	89000	0.513
10001	90000	0.494
10001	91000	0.491
10001	92000	0.511
10001	93000	0.5
10001	94000	0.49
10001	95000	0.496
10001	96000	0.516
10001	97000	0.489
10001	98000	0.501
10001	99000	0.5
100001	50000	1
100001	60000	1
100001	70000	1
100001	80000	1
100001	90000	1
100001	100000	1
100001	110000	1
100001	120000	1
100001	130000	1
100001	140000	1
100001	150000	1
100001	160000	1
100001	170000	1
100001	180000	1
100001	190000	1
100001	200000	1
100001	210000	1
100001	220000	1
100001	230000	0.999
100001	240000	0.995
100001	250000	0.99
100001	260000	0.942
100001	270000	0.931
100001	280000	0.886
100001	290000	0.834
100001	300000	0.784
100001	310000	0.749
100001	320000	0.69
100001	330000	0.668
100001	340000	0.657
100001	350000	0.618
100001	360000	0.605
100001	370000	0.584
100001	380000	0.554
100001	390000	0.528
100001	400000	0.544
100001	410000	0.547
100001	420000	0.535
100001	430000	0.546
100001	440000	0.512
100001	450000	0.531
100001	460000	0.494
100001	470000	0.528
100001	480000	0.5
100001	490000	0.511
100001	500000	0.49
100001	510000	0.482
100001	520000	0.502
100001	530000	0.526
100001	540000	0.483
100001	550000	0.517
100001	560000	0.506
100001	570000	0.534
100001	580000	0.509
100001	590000	0.502
100001	600000	0.505
100001	610000	0.478
100001	620000	0.439
100001	630000	0.495
100001	640000	0.502
100001	650000	0.503
100001	660000	0.514
100001	670000	0.486
100001	680000	0.536
100001	690000	0.485
100001	700000	0.503
100001	710000	0.519
100001	720000	0.494
100001	730000	0.472
100001	740000	0.529
100001	750000	0.496
100001	760000	0.482
100001	770000	0.509
100001	780000	0.523
100001	790000	0.53
100001	800000	0.514
100001	810000	0.487
100001	820000	0.545
100001	830000	0.504
100001	840000	0.506
100001	850000	0.491
100001	860000	0.532
100001	870000	0.5
100001	880000	0.512
100001	890000	0.481
100001	900000	0.479
100001	910000	0.488
100001	920000	0.526
100001	930000	0.509
100001	940000	0.532
100001	950000	0.505
100001	960000	0.513
100001	970000	0.514
100001	980000	0.513
100001	990000	0.501
